5 11 13 18 20 24 31
3 4 5 23 25 29 34
6 10 15 20 22 30 36
1 3 7 10 19 20 30
3 5 23 24 30 37 39
2 4 21 23 26 37 39
3 5 8 10 12 15 38
10 11 13 15 29 33 34
6 10 11 12 13 16 37
4 10 13 21 22 33 34
10 11 20 21 27 28 34
3 5 7 11 18 32 37
12 14 15 23 31 38 39
7 17 20 22 25 27 29
6 8 10 22 25 37 38
10 15 25 26 33 34 36
3 4 14 29 30 31 34
7 15 18 29 30 35 38
6 12 14 19 21 34 35
2 4 10 22 23 24 26
4 13 17 22 26 33 37
8 10 13 30 35 36 37
8 14 15 19 22 30 31
4 6 8 15 21 23 28
3 5 14 18 20 34 36
4 10 14 17 18 29 38
1 6 9 12 15 16 20
8 10 11 16 24 25 35
17 19 23 24 29 35 36
2 4 10 11 13 19 35
5 9 10 22 23 27 35
1 3 9 24 27 31 33
1 13 14 20 21 27 36
9 11 18 23 24 31 32
4 14 22 33 36 37 38
6 13 20 21 22 27 36
4 9 13 14 22 26 37
14 15 16 20 22 25 36
9 11 12 16 17 35 37
2 11 16 21 28 33 37
4 5 11 17 28 30 34
4 6 9 13 20 34 37
1 6 11 23 34 35 39
1 3 4 16 27 28 34
4 10 21 25 27 30 39
13 14 17 19 25 30 32
3 4 5 24 25 29 38
2 5 19 22 23 34 37
11 15 19 22 26 32 38
1 3 5 11 14 31 33
7 17 18 24 26 35 38
1 2 6 11 14 31 39
2 17 28 34 35 36 37
1 8 16 22 30 32 34
12 25 26 32 33 35 38
1 2 15 21 22 23 27
3 5 9 18 21 31 38
6 7 23 25 29 30 35
7 17 18 21 26 31 39
15 27 32 34 35 36 39
1 4 9 22 30 33 35
16 19 22 25 29 34 35
3 19 24 28 34 36 39
1 2 6 12 21 31 32
9 11 16 21 29 31 38
4 15 16 22 24 28 31
5 10 11 19 22 32 35
3 4 7 12 15 30 36
4 7 12 19 21 23 37
5 8 11 16 25 26 33
4 9 17 18 19 36 39
2 12 13 14 17 23 31
11 17 27 28 33 34 37
10 16 22 29 35 37 38
3 10 15 20 26 38 39
10 17 22 26 29 34 35
9 13 14 17 20 27 35
14 16 18 22 29 37 38 
13 15 20 21 22 27 31
7 8 14 19 24 29 37